ASC_CYCLE = -4.602298839161956
ASC_DRIVE = -2.115239337956701
ASC_PT = -2.599470669774986
B_COST = -0.18081183530272224
B_TIME_CYCLE = -6.462942062938405
B_TIME_DRIVE = -6.6237480842149035
B_TIME_PT = -3.494663561943495
B_TIME_WALK = -9.064980645884013
