asc_car = 2.9438266797763393
asc_pt = 2.9389727906853436
asc_walk = 3.8566664885163586
beta_cost_car = -0.2649953026067483
beta_cost_pt = 0.0504007038434729
beta_time = -5.934668351142261
