asc_car = 2.903965580832867
asc_pt = 3.3550498403773865
asc_walk = 3.9447762194503646
beta_cost = -0.2066024911097129
beta_time = -5.973207547577055
