asc_car = 2.490170549770246
asc_pt = 3.2525173405250136
asc_walk = 3.7781783551533965
beta_cost = -0.19083304679623883
beta_time = -5.5987915315251335
