LAMBDA = 0.5181194406096608
asc_car = 2.099305162341919
asc_cycling_female = -1.1447534248613151
asc_pt = 3.148139557171178
asc_walk = 4.876302551804285
beta_cost_car = -0.22285704965505612
beta_cost_pt = -0.07261537637918486
beta_time = -6.375521486315301
mu_fast = 0.7941951992424932
mu_slow = 1.0243694302695667
