LAMBDA = 0.6336122810417474
asc_car = 2.139102131794893
asc_cycling_female = -1.3592867135868079
asc_pt = 3.032398165272441
asc_walk = 4.407748384667492
beta_cost_car = -0.19591159777959447
beta_cost_pt = -0.03806051951073876
beta_time = 3.8461633430608915
beta_time_lambda = -9.074190108324057
