asc_car = 2.274582647805474
asc_cycling_female = -1.3522050363631302
asc_pt = 1.385822641041465
asc_walk = 4.043483086875513
beta_cost = -0.19087085202456125
beta_time_car = -6.7138759672991455
beta_time_cycling = -6.7528278373425925
beta_time_pt = -3.481604757898148
beta_time_walk = -9.17054928486794
