asc_car = 2.4067674573946043
asc_cycling_female = -1.334316566987972
asc_pt = 2.404013744745364
asc_walk = 3.328553014405304
beta_cost_car = -0.26367137142113145
beta_cost_pt = 0.05324616947592241
beta_time = -5.969303798760449
