LAMBDA = 0.6219801879941813
asc_car = 2.138811142986702
asc_cycling_female = -1.3585176342233518
asc_pt = 3.0344470753706063
asc_walk = 4.411119890922149
beta_cost_car = -0.19574921962753308
beta_cost_pt = -0.03846342858052576
beta_time = 3.475183921450729
beta_time_lambda = -8.711117416138588
