LAMBDA = 0.45682105415109875
asc_car = 2.1169004418274824
asc_cycling_female = -1.3397677026055885
asc_pt = 3.151777099620116
asc_walk = 4.522761071632798
beta_cost_car = -0.18441453442101777
beta_cost_pt = -0.048988645151869945
beta_time = -5.433852355804134
mu_slow = 1.012570737476208
