LAMBDA = 0.3268459469133062
asc_car = 2.5248199808601792
asc_cycling_female = -1.3554036047420384
asc_pt = 3.995528011928205
asc_walk = 1.872902093154163
beta_cost = -0.1826660483988007
beta_time_car = -3.576622308003264
beta_time_cycling = -3.8350071816640128
beta_time_pt = -2.657098146193182
beta_time_walk = -6.049448791529412
