asc_car = 2.2744398580031864
asc_cycling_female = -1.351199443736506
asc_pt = 1.3856940152482422
asc_walk = 4.043289102165647
beta_cost = -0.1908705833871536
beta_time_car = -6.713912324818939
beta_time_cycling = -6.753276568160069
beta_time_pt = -3.481653828706387
beta_time_walk = -9.170342506854034
