LAMBDA = 0.41929213042965263
asc_car = 2.3453783560161074
asc_cycling_female = -1.690995426202283
asc_pt = 4.015822576410037
asc_walk = 1.454344077617474
beta_cost = -0.20246842753025185
beta_time_car = -4.292161730750512
beta_time_cycling = -4.030771187337644
beta_time_pt = -3.149839233082574
beta_time_walk = -7.181237516986868
mu_slow = 0.7390435380612259
