asc_car = 2.9438072509586086
asc_pt = 2.938448086347769
asc_walk = 3.8560065731193887
beta_cost_car = -0.2652879784439474
beta_cost_pt = 0.05059336498327567
beta_time = -5.987108659659719
beta_time_female = 0.09728379111601154
