ASC_CYCLE = -6.432417647559323
ASC_DRIVE = -2.6503109507747746
ASC_PT = -3.151152506630391
B_COST = -0.17324737364851614
B_TIME_CYCLE = -4.958736109618546
B_TIME_CYCLE_AGE = 1.2117272840294855
B_TIME_DRIVE = -6.678300795847065
B_TIME_PT = -2.9188286245375687
B_TIME_PT_AGE = -1.3335844592195951
B_TIME_WALK = -9.305611250324594
B_TIME_WALK_AGE = -4.128490888402876
mu_a = 0.5838503189339296
