LAMBDA = 0.6294214180859473
asc_car = 2.137229799290981
asc_cycling_female = -1.3603377391438
asc_pt = 3.0294085594487257
asc_walk = 4.40412865021176
beta_cost_car = -0.1958414814370056
beta_cost_pt = -0.03793884922751964
beta_time = 3.7031987761071425
beta_time_lambda = -8.93026400703768
