asc_car = 2.6876215242651296
asc_pt = 1.7814001064083946
asc_walk = 4.459167359491304
beta_cost = -0.19048028373858586
beta_time_car = -6.516277111127539
beta_time_car_female = -0.9518225845336787
beta_time_cycling = -5.94464234956961
beta_time_cycling_female = -3.8953693109849614
beta_time_pt = -3.600259331203188
beta_time_walk = -8.9274484531402
beta_time_walk_female = -0.6262266501150218
