asc_car = 2.228057433278139
asc_cycling_female = -1.4848186574489033
asc_pt = 1.3172223693605902
asc_walk = 3.993316169866842
beta_cost = -0.19083656183708836
beta_time = -6.873226536747244
beta_time_car = -6.470429608209132
beta_time_car_female = -0.9994499234735253
beta_time_pt = -3.5786916801384985
beta_time_walk = -8.826380094018011
beta_time_walk_female = -0.7857360220971658
