ASC_CYCLE = -6.402754465106957
ASC_DRIVE = -2.424474970755121
ASC_PT = -2.826424393796804
B_COST = -0.1834496721442403
B_TIME_CYCLE = -3.8410677861232947
B_TIME_CYCLE_AGE = -2.283908251701354
B_TIME_DRIVE = -7.421148955471595
B_TIME_PT = -3.2530782221732037
B_TIME_PT_AGE = -1.8772194781083098
B_TIME_WALK = -8.627445844749355
B_TIME_WALK_AGE = -5.123531840730102
mu_a = 0.5868694721452641
