asc_car = 2.4262853151886254
asc_car_female = 0.3162565713872574
asc_cycling_female = -0.9807293038009054
asc_pt = 2.3599104660444925
asc_pt_female = 0.4307235138668713
asc_walk = 3.3987541400312016
asc_walk_female = 0.23374921854676214
beta_cost_car = -0.26504616160632394
beta_cost_pt = 0.054871910021912766
beta_time = -5.980145467309021
