asc_car = 2.904088499810269
asc_pt = 3.3554140509040145
asc_walk = 3.9452742469624744
beta_cost = -0.20663208456668844
beta_time = -5.974888029218284
