LAMBDA = 0.48027949083100385
asc_car = 2.137814892005913
asc_cycling_female = -1.3581278528008671
asc_pt = 3.029651866797611
asc_walk = 4.407631674312407
beta_cost_car = -0.19630105218284244
beta_cost_pt = -0.03894873683754207
beta_time = -5.384872259900906
