asc_car = 2.230264603292547
asc_cycling_female = -1.4847962021644288
asc_pt = 1.319379339386213
asc_walk = 3.995403433445931
beta_cost = -0.19082339009859897
beta_time = -6.860069253701207
beta_time_car = -6.468895867986785
beta_time_car_female = -0.9995284714786381
beta_time_pt = -3.5777180930256223
beta_time_walk = -8.825674371611338
beta_time_walk_female = -0.7858067111748068
