LAMBDA = 0.5095326353558534
asc_car = 2.2186733599612176
asc_cycling_female = -1.507425474137673
asc_pt = 3.191959626006184
asc_walk = 4.919867238617788
beta_cost_car = -0.2618265076695135
beta_cost_pt = -0.07079334655114064
beta_time = -6.336354009410111
mu_a = 0.904860993701949
mu_b = 0.7652823629251715
