asc_car = 2.87312902697681
asc_pt = 1.9838678756334138
asc_walk = 4.639938631381018
beta_cost = -0.19130613768074275
beta_time_car = -6.68982078271692
beta_time_cycling = -6.543603159675083
beta_time_pt = -3.462775270324296
beta_time_walk = -9.15592531148382
