asc_car = 2.943862954746496
asc_pt = 2.9389919527484167
asc_walk = 3.8566856822249176
beta_cost_car = -0.2650493441570145
beta_cost_pt = 0.050388503629501806
beta_time = -5.934684505013927
