ALPHA_0_1 = -0.8853358592614822
ALPHA_1_5 = 0.07395552639739536
ALPHA_5_INF = -0.25587354871419593
ASC_CYCLE = -4.860268312852632
ASC_DRIVE = -2.159677920497668
ASC_PT = -2.4869258780878774
B_TIME_CYCLE = -4.97174673404427
B_TIME_DRIVE = -5.8190189159558585
B_TIME_PT = -2.6355554517394704
B_TIME_WALK = -7.622706339906943
G_TIME_CYCLE_AGE = -6.035582584638623
G_TIME_DRIVE_AGE = -1.736993189492587
G_TIME_PT_AGE = -3.3856667616356018
G_TIME_WALK_AGE = -5.042061557278015
