ALPHA_0_1 = -0.4372994479609312
ALPHA_1_5 = 0.011922397010647163
ALPHA_5_INF = -0.17582059263408564
ASC_CYCLE = -4.773707003434339
ASC_DRIVE = -2.226284451693254
ASC_PT = -2.5665807156874694
B_TIME_CYCLE = -4.888750714656748
B_TIME_DRIVE = -5.827813465325826
B_TIME_PT = -2.3511396608937125
B_TIME_WALK = -8.180843773237152
G_TIME_CYCLE_AGE = -4.384451715668947
G_TIME_DRIVE_AGE = -1.3847771225420984
G_TIME_PT_AGE = -3.0222301667911275
G_TIME_WALK_AGE = -3.7322319073309176
