ALPHA_0_1 = -0.8060207612443443
ALPHA_1_5 = 0.05898543540437339
ALPHA_5_INF = -0.27844020065046193
ASC_CYCLE = -4.822337110072872
ASC_DRIVE = -2.134712311317802
ASC_PT = -2.494743476261622
B_TIME_CYCLE = -5.377487760898815
B_TIME_DRIVE = -5.491899997590966
B_TIME_PT = -2.3892718128714265
B_TIME_WALK = -7.716671992702332
G_TIME_CYCLE_AGE = -3.6222926374343283
G_TIME_DRIVE_AGE = -1.9651440241327633
G_TIME_PT_AGE = -3.6433117475307153
G_TIME_WALK_AGE = -4.247749632785389
