ASC_CYCLE = -4.61503623999038
ASC_DRIVE = -2.2284260110025755
ASC_PT = -2.7467098636654965
B_COST = -0.161322497707648
B_TIME_CYCLE = -4.738028605288283
B_TIME_CYCLE_AGE = -5.624413082722377
B_TIME_DRIVE = -6.245238889518009
B_TIME_DRIVE_AGE = -0.7434252521186087
B_TIME_PT = -2.3786377928758005
B_TIME_PT_AGE = -2.4009589550855996
B_TIME_WALK = -7.407157487835604
B_TIME_WALK_AGE = -4.671751632267985
