ASC_CYCLE = -6.255243411134472
ASC_DRIVE = -2.555249635774008
ASC_PT = -2.9948366862469755
B_COST = -0.15038599934948113
B_TIME_CYCLE = -3.8964486831290914
B_TIME_CYCLE_AGE = -1.9857560916590336
B_TIME_DRIVE = -7.219778553678038
B_TIME_PT = -3.040228399829336
B_TIME_PT_AGE = -1.9516099963455042
B_TIME_WALK = -8.944876008322238
B_TIME_WALK_AGE = -3.710124062894711
mu_a = 0.6750302254803219
