ASC_CYCLE = -4.6175557265019584
ASC_DRIVE = -2.1548121552774915
ASC_PT = -2.614214791191634
B_COST = -0.184054410284373
B_TIME_CYCLE = -6.553375668813271
B_TIME_CYCLE_AGE = -0.6392464613454856
B_TIME_DRIVE = -6.599087115649849
B_TIME_PT = -3.535440569493975
B_TIME_PT_AGE = -0.4098626258602968
B_TIME_WALK = -9.195548588246533
B_TIME_WALK_AGE = -0.7194382354915823
