ASC_CYCLE = -4.61191519128853
ASC_DRIVE = -2.142069490478603
ASC_DRIVE_AGE = 0.11740300012169716
ASC_PT = -2.609413873426805
ASC_WALK_AGE = -0.17817419101074497
B_COST = -0.18262882166477828
B_TIME_CYCLE = -6.457473475660326
B_TIME_DRIVE = -6.556006719013923
B_TIME_PT = -3.481129945925835
B_TIME_WALK = -9.119739107582916
