ASC_CYCLE = -4.6187262848743735
ASC_DRIVE = -2.1566133325894596
ASC_PT = -2.6123127432811777
B_COST = -0.18267947206537014
B_TIME_CYCLE = -4.681727532142062
B_TIME_CYCLE_AGE = -4.4919848086418
B_TIME_DRIVE = -5.82376300669266
B_TIME_DRIVE_AGE = -1.9464787953407374
B_TIME_PT = -2.274455993565919
B_TIME_PT_AGE = -3.056258447833613
B_TIME_WALK = -7.455367507619737
B_TIME_WALK_AGE = -4.1343074140535965
