ASC_CYCLE = -4.985520394929333
ASC_DRIVE = -2.7598983329923263
ASC_DRIVE_AGE = 0.5772401999458782
ASC_PT = -2.9819053882204587
ASC_WALK_AGE = -0.8758929500230863
B_COST = -0.1825999153903982
B_TIME_CYCLE = -6.4528769823605545
B_TIME_DRIVE = -6.555481492550911
B_TIME_PT = -3.4807241948714003
B_TIME_WALK = -9.119941338824587
