ASC_CYCLE = -4.6176109973328066
ASC_DRIVE = -2.1547623939933733
ASC_PT = -2.6141689381249127
B_COST = -0.18405537876181133
B_TIME_CYCLE = -5.218512432671439
B_TIME_CYCLE_AGE = -3.1382973904844516
B_TIME_DRIVE = -6.598672589187921
B_TIME_PT = -2.6786284934494935
B_TIME_PT_AGE = -2.014973417984127
B_TIME_WALK = -7.690596792530655
B_TIME_WALK_AGE = -3.5397809199397554
