ALPHA_0_1 = -0.5991178301939775
ALPHA_1_5 = 0.10130176928251594
ALPHA_5_INF = -0.293108735607664
ASC_CYCLE = -6.616718747399602
ASC_DRIVE = -2.6147084922112804
ASC_PT = -2.9103013567355123
B_TIME_CYCLE = -4.341711744116111
B_TIME_DRIVE = -7.7564369178766
B_TIME_PT = -3.531563793814306
B_TIME_WALK = -9.319301844564475
G_TIME_CYCLE_AGE = -3.721268557048234
G_TIME_DRIVE_AGE = -2.069034543751575
G_TIME_PT_AGE = -3.999508166019429
G_TIME_WALK_AGE = -5.242443200383579
mu_a = 0.5686576200314898
mu_b = 0.7377741265030814
