ALPHA_0_1 = -0.9287475086800107
ALPHA_1_5 = -0.019952534919958666
ALPHA_5_INF = -0.2677858428428785
ASC_CYCLE = -6.7752486175545945
ASC_DRIVE = -2.5238105725698476
ASC_PT = -2.939032627581919
B_TIME_CYCLE = -4.033973268541337
B_TIME_DRIVE = -7.593037935873305
B_TIME_PT = -3.424711650604949
B_TIME_WALK = -9.465869335732856
G_TIME_CYCLE_AGE = -3.7004405777031373
G_TIME_DRIVE_AGE = -2.0845102587124447
G_TIME_PT_AGE = -3.9338934376165398
G_TIME_WALK_AGE = -5.198900721633779
mu_a = 0.5558832160018523
mu_b = 0.7783517635170887
