ASC_CYCLE = -6.429215422019248
ASC_DRIVE = -2.6001995480913895
ASC_PT = -3.247198482251897
B_COST = -0.24620135790595643
B_TIME_CYCLE = -4.39652998351515
B_TIME_CYCLE_AGE = -4.109023798495879
B_TIME_DRIVE = -8.809191969403344
B_TIME_DRIVE_AGE = -2.7097226724918824
B_TIME_PT = -3.280370287302537
B_TIME_PT_AGE = -4.11113127721865
B_TIME_WALK = -9.153332655102249
B_TIME_WALK_AGE = -5.172147854863242
mu_a = 0.5860288910742535
mu_b = 0.707500466031754
