ASC_CYCLE = -6.157122886685325
ASC_DRIVE = -2.4481994814720287
ASC_PT = -2.9011632009891657
B_COST = -0.18219698395893144
B_TIME_CYCLE = -3.6783406795727345
B_TIME_CYCLE_AGE = -2.012880813405769
B_TIME_DRIVE = -6.796483952857702
B_TIME_PT = -2.79935205663581
B_TIME_PT_AGE = -2.0200813281713503
B_TIME_WALK = -8.687491958265202
B_TIME_WALK_AGE = -4.169533716356057
mu_a = 0.6159482993204629
