ASC_CYCLE = -4.623713068587693
ASC_DRIVE = -2.137620205151418
ASC_PT = -2.5342990481798675
B_COST = -0.30477108912558826
B_TIME_CYCLE = -5.6829513047107
B_TIME_CYCLE_AGE = -3.1977289125166988
B_TIME_DRIVE = -6.972236858450624
B_TIME_PT = -2.846251658835699
B_TIME_PT_AGE = -2.072902130836994
B_TIME_WALK = -7.8481538144469365
B_TIME_WALK_AGE = -3.5701494326960894
cube_cost_coef = -0.0001421441974382463
square_cost_coef = -0.018674413414732517
