ASC_CYCLE = -4.640097593265471
ASC_DRIVE = -2.1877127164137846
ASC_PT = -2.7067024669212723
B_COST = 0.004330572145578751
B_TIME_CYCLE = -4.812233727259359
B_TIME_CYCLE_AGE = -2.9911092131250383
B_TIME_DRIVE = -6.496386271266734
B_TIME_PT = -2.859336380680838
B_TIME_PT_AGE = -1.8901787525138178
B_TIME_WALK = -7.610161977811203
B_TIME_WALK_AGE = -3.4714560520022504
cube_cost_coef = 0.04329730892972641
square_cost_coef = -8.838426234935365
