ASC_CYCLE = -4.6111556472437565
ASC_DRIVE = -2.1485311472215844
ASC_PT = -2.72311059656239
B_COST = 0.005201050427048163
B_TIME_CYCLE = -6.651065477290869
B_TIME_CYCLE_AGE = -0.6208257850787136
B_TIME_DRIVE = -7.163033898999668
B_TIME_PT = -3.603087470194855
B_TIME_PT_AGE = -0.38838903691160864
B_TIME_WALK = -9.216626914090952
B_TIME_WALK_AGE = -0.7094452251083756
cube_cost_coef = 0.04163824492683833
square_cost_coef = -8.355522319835487
