ASC_CYCLE = -4.681306431782839
ASC_DRIVE = -2.199899941084211
ASC_PT = -2.4361835703631245
B_TIME_CYCLE = -5.544303245406333
B_TIME_CYCLE_AGE = -3.1965073583808703
B_TIME_DRIVE = -6.449695106253246
B_TIME_PT = -2.90586559162425
B_TIME_PT_AGE = -2.1463045604703774
B_TIME_WALK = -7.89255651584318
B_TIME_WALK_AGE = -3.585266442597864
beta_cost_0_0_5 = -0.9960509057719386
beta_cost_0_5_2 = 0.07352593744817115
beta_cost_2_more = -0.0021404417018281575
