ASC_CYCLE = -4.744093131642105
ASC_DRIVE = -2.858210737500144
ASC_PT = -2.7876705171861382
B_COST = -0.455481108545425
B_TIME_CYCLE = -5.100007741895169
B_TIME_CYCLE_AGE = -4.7322870235988805
B_TIME_DRIVE = -5.887611982019134
B_TIME_DRIVE_AGE = -2.2310365618505505
B_TIME_PT = -2.5885705800664187
B_TIME_PT_AGE = -3.030230389579643
B_TIME_WALK = -7.877341429937233
B_TIME_WALK_AGE = -4.154185330863725
lambda_cost = 0.3207119291276522
