ASC_CYCLE = -4.720306751275143
ASC_DRIVE = -2.100906480598782
ASC_PT = -2.431748568363901
B_COST = -0.7507401938673187
B_TIME_CYCLE = -5.544459115676526
B_TIME_CYCLE_AGE = -3.229092171857719
B_TIME_DRIVE = -6.56249988290083
B_TIME_DRIVE_AGE = 0.0648153430634994
B_TIME_PT = -2.9806033164175543
B_TIME_PT_AGE = -2.1614615169224005
B_TIME_WALK = -7.974078747612516
B_TIME_WALK_AGE = -3.594812250200094
beta_cost_0_5 = 0.9299056158373831
beta_cost_10_more = 0.26882530255779113
beta_cost_5_10 = 0.05864395538285821
