ASC_CYCLE = -4.641631531707259
ASC_DRIVE = -2.196019620595015
ASC_PT = -2.724771368528941
B_COST = -0.01501105519558208
B_TIME_CYCLE = -4.697782835510955
B_TIME_CYCLE_AGE = -3.015306765707792
B_TIME_DRIVE = -6.478619812322361
B_TIME_PT = -2.74829507969498
B_TIME_PT_AGE = -1.9171372639677198
B_TIME_WALK = -7.579984764447212
B_TIME_WALK_AGE = -3.4672662064648674
lambda_cost = 2.205096591224302
