ASC_CYCLE = -5.055933807154628
ASC_DRIVE = -2.7223469580748807
ASC_DRIVE_AGE = 0.6761253385137683
ASC_PT = -2.776682279703002
ASC_WALK_AGE = -0.8106589030163185
B_COST = -1.269532764775381
B_TIME_CYCLE = -6.814750204665374
B_TIME_DRIVE = -6.515885977535817
B_TIME_PT = -3.8396863740407357
B_TIME_WALK = -9.417829878276523
beta_cost_0_5 = 0.5345607941760792
beta_cost_10_more = 0.15762897154264582
beta_cost_5_10 = 0.03681700796621388
