ASC_CYCLE = -4.74717792531339
ASC_DRIVE = -2.8907732636784385
ASC_PT = -2.7945798523691296
B_COST = -0.4710634699804703
B_TIME_CYCLE = -5.692957479713597
B_TIME_CYCLE_AGE = -3.246800514084782
B_TIME_DRIVE = -6.235671930981256
B_TIME_PT = -2.986981930044377
B_TIME_PT_AGE = -1.9718269415437428
B_TIME_WALK = -8.122342342637868
B_TIME_WALK_AGE = -3.56016586851395
lambda_cost = 0.3105503804887552
