ASC_CYCLE = -4.624939739876232
ASC_DRIVE = -2.1379284847263555
ASC_PT = -2.534901695414947
B_COST = -0.30475752881996077
B_TIME_CYCLE = -5.70212528280771
B_TIME_CYCLE_AGE = -3.125043382554596
B_TIME_DRIVE = -6.963807291503554
B_TIME_PT = -2.841807325924312
B_TIME_PT_AGE = -2.071366527720526
B_TIME_WALK = -7.847700570161069
B_TIME_WALK_AGE = -3.5670601977128933
cube_cost_coef = -0.00014126359486594045
square_cost_coef = -0.018775893186339078
