ASC_CYCLE = -4.624937237818377
ASC_DRIVE = -2.137028898955962
ASC_PT = -2.5352207804647264
B_COST = -0.30261804852716406
B_TIME_CYCLE = -5.608777692071294
B_TIME_CYCLE_AGE = -3.3483580649601135
B_TIME_DRIVE = -6.936330526758123
B_TIME_DRIVE_AGE = -0.16852977891308735
B_TIME_PT = -2.8101581668962785
B_TIME_PT_AGE = -2.1551168721311607
B_TIME_WALK = -7.825468974641688
B_TIME_WALK_AGE = -3.6166160469540674
cube_cost_coef = -0.00014512433184329988
square_cost_coef = -0.017966304058404495
