ASC_CYCLE = -4.697532639444855
ASC_DRIVE = -2.198467307732735
ASC_PT = -2.692897227221383
B_COST = 0.0
B_TIME_CYCLE = -5.286847263333786
B_TIME_CYCLE_AGE = -3.002056475750659
B_TIME_DRIVE = -7.738335910383316
B_TIME_PT = -3.3299259209701226
B_TIME_PT_AGE = -1.8992070384905972
B_TIME_WALK = -7.882814796136435
B_TIME_WALK_AGE = -3.4371183296222476
beta_cost_0_5 = 0.0
beta_cost_10_more = 0.0
beta_cost_5_10 = 0.0
