ALPHA_0_1 = -0.6946687706155718
ALPHA_1_5 = -0.04024878069169
ALPHA_5_INF = -0.20326502381662562
ASC_CYCLE = -4.720182797448005
ASC_DRIVE = -2.1024984188383944
ASC_PT = -2.4316760597984657
B_TIME_CYCLE = -5.030457890089388
B_TIME_DRIVE = -5.882143210772811
B_TIME_PT = -2.6212829845317827
B_TIME_WALK = -7.762626196075978
G_TIME_CYCLE_AGE = -4.5081939198345315
G_TIME_DRIVE_AGE = -1.6667156980227065
G_TIME_PT_AGE = -3.0810297954369403
G_TIME_WALK_AGE = -4.120114522323539
