ASC_CYCLE = -4.747334791330597
ASC_DRIVE = -2.890780436311668
ASC_PT = -2.7946548718664728
B_COST = -0.4710191486836341
B_TIME_CYCLE = -5.693032266327469
B_TIME_CYCLE_AGE = -3.2455227515728113
B_TIME_DRIVE = -6.235703397345322
B_TIME_PT = -2.9870508131056965
B_TIME_PT_AGE = -1.9715936848722801
B_TIME_WALK = -8.122891449325166
B_TIME_WALK_AGE = -3.5592402330368604
lambda_cost = 0.3105656089367104
