ASC_CYCLE = -4.747089403843626
ASC_DRIVE = -2.8908159730559806
ASC_PT = -2.794560438837601
B_COST = -0.4710953618242114
B_TIME_CYCLE = -7.073484493327985
B_TIME_CYCLE_AGE = -0.6605982745822533
B_TIME_DRIVE = -6.235618401733115
B_TIME_PT = -3.825220626421855
B_TIME_PT_AGE = -0.4010678238144302
B_TIME_WALK = -9.635688549808316
B_TIME_WALK_AGE = -0.7241669100100367
lambda_cost = 0.3104337417278959
