ASC_CYCLE = -3.7781745142494034
ASC_DRIVE = -1.2880031555571065
ASC_PT = -0.5256597585838134
B_COST = -0.1908330897242519
B_TIME = -5.598770293224606
