ASC_CYCLE = -4.603406196140043
ASC_DRIVE = -2.3018579605977245
ASC_PT = -2.792701827347301
B_COST = -0.16608063856694003
B_TIME_CYCLE = -5.319207108299985
B_TIME_CYCLE_AGE = -4.83629132170437
B_TIME_DRIVE = -6.5593958238637144
B_TIME_DRIVE_AGE = -2.035414787035582
B_TIME_PT = -2.608707106442864
B_TIME_PT_AGE = -2.8853502312663104
B_TIME_WALK = -8.10847189717617
B_TIME_WALK_AGE = -4.616583766363667
