ASC_CYCLE = -5.9496000566089835
ASC_DRIVE = -2.491022539538676
ASC_PT = -2.955769262845585
B_COST = -0.1849638355502798
B_TIME_CYCLE = -4.172817748705552
B_TIME_CYCLE_AGE = -1.854911243358893
B_TIME_DRIVE = -7.2918195626646956
B_TIME_PT = -2.9541476006553746
B_TIME_PT_AGE = -2.2731564441798136
B_TIME_WALK = -9.227073978054875
B_TIME_WALK_AGE = -3.3357566615561587
mu_a = 0.6798008556151901
