ALPHA_0_1 = -0.47105173374062503
ALPHA_1_5 = 0.1577798406356791
ALPHA_5_INF = -0.32485699640169785
ASC_CYCLE = -4.674650065353842
ASC_DRIVE = -2.1164182492078436
ASC_PT = -2.346112861982533
B_TIME_CYCLE = -5.0084204990907235
B_TIME_DRIVE = -6.18718739163514
B_TIME_PT = -3.1936623133334785
B_TIME_WALK = -7.37181329752836
G_TIME_CYCLE_AGE = -2.5472919490481254
G_TIME_DRIVE_AGE = 0.8685558525198913
G_TIME_PT_AGE = -1.0178976223894598
G_TIME_WALK_AGE = -3.6416394540872425
