ASC_CYCLE = -6.157098082106585
ASC_DRIVE = -2.4483934496228312
ASC_PT = -2.901253133126965
B_COST = -0.18218707281619603
B_TIME_CYCLE = -3.677443094332786
B_TIME_CYCLE_AGE = -2.0166012124688506
B_TIME_DRIVE = -6.796950304882702
B_TIME_PT = -2.7996632836190405
B_TIME_PT_AGE = -2.0199836263769106
B_TIME_WALK = -8.68924246889683
B_TIME_WALK_AGE = -4.1667226814406995
mu_a = 0.615856244416333
